  1 	:3 16 30 47 67 80 97 116 130 147 165 178 195 213 227 244 257 270 287 303 317 334 350 363 380 398 411 428 442 455
  2 
:43 93 143 191 240 283 330 376 424
  3  :11 53 61 108 158 207 251 298 343 390 437
  4 .:19 32 69 82 119 132 167 180 216 229 259 272 306 319 352 365 400 413 444 457
  5 0:31 33 41 71 76 77 79 81 92 131 133 139 140 170 175 179 222 223 228 230 271 305 307 318 320 327 354 358 364 370 372 412 415 417 446 453 456 466
  6 1:17 20 24 35 40 72 86 118 123 134 141 181 182 214 278 321 351 369 410 416 418 451 462
  7 2:83 84 173 176 218 232 262 269 273 274 280 282 309 311 313 314 316 367 414 443 447 464
  8 3:42 89 129 135 138 177 186 188 235 236 260 263 264 329 362 368 371 458
  9 4:29 68 70 74 91 127 172 184 237 258 308 312 325 355 361 373 399 403 454 459 460
 10 5:22 27 37 126 137 183 187 215 224 225 226 261 279 281 324 405 408 421 448 450 461
 11 6:18 21 34 90 120 121 124 125 168 169 185 231 268 277 304 322 323 353 366 374 404 407 467
 12 7:75 78 85 87 88 117 142 171 174 190 219 220 233 266 276 310 315 328 357 402 406 409 422 452
 13 8:23 26 36 38 73 128 166 189 234 238 265 326 356 360 375 419 420 423 465
 14 9:25 28 39 122 136 217 221 239 267 275 359 401 445 449 463
 15 A:45 54 242
 16 B:4 331 335
 17 C:193
 18 D:146 159 333 344
 19 E:426
 20 G:425 429
 21 H:285
 22 L:0 2 12 427 438
 23 M:94 98 109 377 381
 24 N:96 332
 25 P:284 286 288 299
 26 Q:241 245
 27 R:46 62 145 194 208 243 252 379 391
 28 S:1 44 48 144 148 192 196
 29 Y:378
 30 Z:95
 31 a:5 49 56 59 65 101 106 114 153 163 246 248 255 341 348 382 384 388 435 439
 32 b:57 103
 33 c:105 113 199
 34 d:51
 35 e:110 155 157 197 201 211 212 297 300 339 430
 36 g:394 395 433
 37 h:9 200 289
 38 i:15 52 58 63 104 112 151 205 250 253 290 292 295 340 387 392 396 434 441
 39 l:66 115 161 162 202 203 256 291 346 347 383
 40 m:102 154
 41 n:60 107 152 296 338 342 389 393 436
 42 o:7 10 13 99 160 204 302 345 431
 43 p:210 293 294
 44 r:55 150 164 249 336 349 432 440
 45 s:6 156 206 301 386
 46 t:8 14 111 247 397
 47 u:50 149 209 337
 48 y:64 198 254 385
 49 z:100
